Bucket audit: 75 cells, Holm at 5%, SESOI 0.1

variant   bucket    n   edge     lo     hi     p   rest  holm         flag
    A8x    major   51  0.407 -0.013  0.810 0.028 -0.234   1.0 nominal only
   B-5x  low vol  122  0.285 -0.101  0.664 0.070 -0.402   1.0             
    C-8  low vol  189  0.216 -0.090  0.586 0.090  0.014   1.0             
   B-5x    major   74  0.323 -0.164  0.801 0.101  0.056   1.0             
   B-5x     bear   31  0.515 -0.267  1.350 0.105  0.106   1.0             
    C-8      mid  423  0.126 -0.110  0.390 0.154 -0.030   1.0             
   B-10  low vol   33  0.260 -0.323  0.866 0.198 -0.143   1.0             
    R-2  low vol  682  0.088 -0.119  0.334 0.210 -0.083   1.0             
    C-8     bear  355  0.099 -0.176  0.500 0.287  0.043   1.0             
   B-5x     bull  109  0.106 -0.300  0.529 0.310  0.515   1.0             
    A11    major  142  0.073 -0.202  0.316 0.314 -0.189   1.0             
   B-10    major   94  0.066 -0.276  0.441 0.342 -0.208   1.0             
    R-2     bear  800  0.044 -0.154  0.271 0.367 -0.079   1.0             
    G-1 high vol   70  0.083 -0.323  0.602 0.371 -0.632   1.0             
    C-8     bull  274  0.028 -0.253  0.301 0.415  0.110   1.0             
   B-5x      mid   66  0.056 -0.434  0.585 0.424  0.323   1.0             
    R-2      mid 1113  0.011 -0.149  0.198 0.441 -0.079   1.0             
    C-8 high vol  443  0.014 -0.222  0.288 0.466  0.216   1.0             
    A8x     bull   54  0.000 -0.388  0.421 0.510 -0.006   1.0             
    A8x  low vol  140 -0.004 -0.308  0.267 0.525 -0.015   1.0             
    A8x     bear   88 -0.006 -0.402  0.322 0.532  0.000   1.0             
    B-9  low vol  224 -0.020 -0.284  0.276 0.560 -0.116   1.0             
    B-9     bull  860 -0.020 -0.252  0.214 0.592 -0.428   1.0             
    C-8    major  209 -0.030 -0.241  0.217 0.601  0.126   1.0             
   B-10     bull  182 -0.052 -0.375  0.280 0.616 -0.464   1.0             
    A11  low vol  263 -0.041 -0.327  0.230 0.626 -0.211   1.0             
    E-4 high vol  153 -0.040 -0.250  0.196 0.629 -0.140   1.0             
    E-5  low vol  184 -0.047 -0.272  0.202 0.646 -0.163   1.0             
    A11     bear  223 -0.071 -0.391  0.242 0.679 -0.100   1.0             
    E-5      mid  184 -0.051 -0.254  0.165 0.683 -0.155   1.0             
    R-1    major  852 -0.038 -0.190  0.113 0.687 -0.181   1.0             
    R-2     bull  313 -0.074 -0.343  0.224 0.688 -0.053   1.0             
    A12     bear  681 -0.068 -0.288  0.159 0.716 -0.216   1.0             
    A11     bull  123 -0.100 -0.409  0.230 0.747 -0.071   1.0             
   E-1x high vol  150 -0.107 -0.396  0.238 0.754 -0.200   1.0             
    E-5     bear  164 -0.095 -0.361  0.192 0.757 -0.067   1.0             
    E-5     bull  106 -0.099 -0.336  0.177 0.764 -0.075   1.0             
    B-9    major  550 -0.087 -0.330  0.164 0.767 -0.105   1.0             
    A12  low vol  762 -0.081 -0.285  0.131 0.781 -0.221   1.0             
   B-10 high vol  159 -0.143 -0.497  0.215 0.786  0.260   1.0             
    E-4     bull  233 -0.092 -0.301  0.124 0.796 -0.126   1.0             
    B-9      mid  503 -0.105 -0.345  0.137 0.811 -0.087   1.0             
   E-1x    major  176 -0.121 -0.373  0.172 0.814 -0.200   1.0             
    B-9 high vol  829 -0.116 -0.353  0.131 0.822 -0.020   1.0             
    R-2    small 2990 -0.079 -0.236  0.081 0.827  0.011   1.0             
    E-5    major   87 -0.155 -0.450  0.174 0.830 -0.051   1.0             
    R-2 high vol  431 -0.112 -0.337  0.121 0.834 -0.048   1.0             
   B-10      mid   98 -0.208 -0.616  0.193 0.840  0.066   1.0             
    E-5 high vol   87 -0.163 -0.431  0.168 0.850 -0.047   1.0             
   E-1x     bull  239 -0.145 -0.384  0.132 0.854 -0.197   1.0             
    A11 high vol   83 -0.211 -0.601  0.171 0.866 -0.041   1.0             
    A12    major  499 -0.100 -0.264  0.066 0.875 -0.154   1.0             
    E-4    major  175 -0.140 -0.363  0.101 0.876 -0.095   1.0             
    R-1     bear 1464 -0.128 -0.303  0.073 0.897 -0.129   1.0             
    E-4      mid  341 -0.095 -0.251  0.049 0.902 -0.140   1.0             
    A11      mid  204 -0.189 -0.453  0.096 0.914  0.073   1.0             
    E-4     bear  282 -0.139 -0.323  0.049 0.923 -0.077   1.0             
    R-1  low vol 1366 -0.128 -0.297  0.051 0.928 -0.128   1.0             
    G-1      mid  132 -0.279 -0.571  0.080 0.942 -0.581   1.0             
    A8x      mid   91 -0.234 -0.529  0.053 0.943  0.407   1.0             
    A12      mid  690 -0.154 -0.326  0.024 0.952 -0.100   1.0             
   E-1x     bear  278 -0.206 -0.422  0.032 0.956 -0.136   1.0             
    R-1     bull  825 -0.130 -0.268  0.020 0.959 -0.127   1.0             
    E-4  low vol  363 -0.140 -0.294  0.015 0.960 -0.040   1.0             
    R-1 high vol  927 -0.128 -0.257  0.011 0.962 -0.128   1.0             
    G-1     bear  106 -0.399 -0.719 -0.002 0.976 -0.359   1.0             
    A12 high vol  427 -0.221 -0.437 -0.003 0.976 -0.081   1.0             
   E-1x  low vol  369 -0.200 -0.376 -0.017 0.981 -0.107   1.0             
    G-1     bull   92 -0.379 -0.641 -0.023 0.981 -0.381   1.0             
    A12     bull  508 -0.216 -0.402 -0.014 0.983 -0.068   1.0             
   E-1x      mid  343 -0.200 -0.369 -0.028 0.987 -0.121   1.0             
    R-1      mid 1441 -0.181 -0.316 -0.031 0.990 -0.038   1.0             
    B-9     bear  193 -0.428 -0.707 -0.078 0.993 -0.020   1.0             
    G-1    major   67 -0.581 -0.846 -0.264 0.999 -0.279   1.0             
    G-1  low vol  129 -0.632 -0.830 -0.400 1.000  0.083   1.0             
